100021742039252|145663
100029999563214|664076
100013007118688|340677
100089010316217|767731157
100034140533405|768510559
100016689125971|761705137
100016720038508|762685727
100014176024990|767510056
100080068608824|767477495
100014352944480|763498934
100068943505161|761811980
100060995709570|766421062
100053329308694|766752344
100052861536270|760370032
100032111438473|765875341
100084208891776|768888819
100027844062760|762382212
100032895571168|766992329
100003333723937|762379632
100011372943902|764430321
100040896010097|767054293
